from set_env import *
from geo import *

data= [([0.0,
         0.0,
   1.0999912242536529,
   -0.42119158173753157,
   -1.1277195629011074,
   -1.0118808137824924,
   -0.30249244961781374,
   0.65533704566191775,
   0.2463501797400717,
   0.39999455797206046,
   -0.29999965847029958,
   -2.0999976092920973,
   -0.28598538938129175,
   0.48598556667934295,
   -0.69498604923890483,
   0.033161256462335587,
   -0.0052359877154231071,
   0.0069813169538974762,
   0.37000980973243713,
   -0.27925267815589905,
   0.33859387040138245,
   0.28448867797851562,
   -0.3508111834526062],
  FRAME(mat=[[-0.85874242776463883, -0.00047066032487793567, 0.51240728062328855],
             [0.0083999152001392532, 0.99985227287177281, 0.014995794669852732],
             [-0.51233864209283053, 0.017181702826218937, -0.85861161470508129]],
        vec=[8.5110135971630516, 25.955330925720851, 394.08058049754061])),
 ([0.0,
   0.0,
   1.0999455615697344,
   0.091088733661584056,
   -0.67005683311565156,
   -1.6062439639029014,
   0.34372585319617976,
   0.70006792543666296,
   0.13235328933764556,
   0.39999455797206046,
   -0.29999217848779103,
   -2.0999976092920973,
   -0.28596255803933257,
   0.48598556667934295,
   -0.69498604923890483,
   0.038397245109081268,
   -0.0052359877154231071,
   -0.0052359877154231071,
   0.37000980973243713,
   -0.27925267815589905,
   0.33684855699539185,
   0.28448867797851562,
   -0.3508111834526062],
  FRAME(mat=[[-0.99993583718327816, 0.011200224812120742, -0.0016960190846279526],
             [0.01121414806256628, 0.99990153908463331, -0.0084353434673502051],
             [0.0016013743498346244, -0.0084538216410852754, -0.99996298356481839]],
        vec=[11.540089937041857, 25.652862140703494, 326.90267491121568])),
 ([0.0,
   0.0,
   1.0999227302277752,
   0.60526273129911357,
   -0.63776574862625368,
   -1.399815146623272,
   0.91176964114177605,
   0.74434883751362857,
   -0.055799799748353592,
   0.39999455797206046,
   -0.29998469850528253,
   -2.0999976092920973,
   -0.28596255803933257,
   0.48598556667934295,
   -0.69498604923890483,
   0.029670597985386848,
   -0.0052359877154231071,
   -0.0052359877154231071,
   0.37000980973243713,
   -0.27925267815589905,
   0.33859387040138245,
   0.28448867797851562,
   -0.3508111834526062],
  FRAME(mat=[[-0.88050384460759379, 0.014516672397706761, -0.47381667958583329],
             [0.01240964551251058, 0.99989431666033812, 0.0075733881855757018],
             [0.47387654545197777, 0.00078850038253013444, -0.88059093677918732]],
        vec=[4.8937856035216356, 26.56418958677996, 371.11665480113612])),
 ([6.5449846949787353e-06,
   0.0,
   1.099899898885816,
   0.11113384012073893,
   -0.03055572854741501,
   -2.3407657796047148,
   0.30966149099301138,
   0.40511409954201194,
   0.12123442580350147,
   0.39999455797206046,
   -0.29998469850528253,
   -2.0999976092920973,
   -0.28596255803933257,
   0.48598556667934295,
   -0.69498604923890483,
   0.038397245109081268,
   -0.0052359877154231071,
   -0.0052359877154231071,
   0.37000980973243713,
   -0.27925267815589905,
   0.33859387040138245,
   0.28448867797851562,
   -0.3508111834526062],
  FRAME(mat=[[-0.99955321202001612, -0.0014014039510654944, 0.029856530398474659],
             [0.010357967759370238, 0.92076153555171691, 0.38998834232876783],
             [-0.028037275979755059, 0.39012335320435548, -0.92033563466825785]],
        vec=[9.7559159897764562, 25.024183978848733, 388.49973779895811])),
 ([0.0,
   0.0,
   1.0998770675438567,
   0.062238441126117788,
   -1.318399277008991,
   -0.50316969670370526,
   0.27342815130371628,
   0.6508578217612917,
   0.007534342846545289,
   0.39999455797206046,
   -0.29998469850528253,
   -2.0999976092920973,
   -0.28596255803933257,
   0.48598556667934295,
   -0.69498604923890483,
   0.038397245109081268,
   -0.0052359877154231071,
   -0.0052359877154231071,
   0.36826446652412415,
   -0.27925267815589905,
   0.33859387040138245,
   0.28448867797851562,
   -0.3508111834526062],
  FRAME(mat=[[-0.9998329168369926, 0.017066799244348521, 0.0065469666857845901],
             [0.013550646601623391, 0.93239684115306332, -0.36118210169451526],
             [-0.012268593477232054, -0.36103303861467073, -0.93247231950484644]],
        vec=[11.513384837355376, 60.841618555946162, 314.06554617026177]))
 ]
