%YAML:1.0
image_width: 640
image_height: 480
camera_matrix: !!opencv-matrix
   rows: 3
   cols: 3
   dt: d
   data: [ 815.855867, 0.000000, 318.879297, 0.000000, 815.079429, 266.001579, 0., 0., 1. ]
distortion_coefficients: !!opencv-matrix
   rows: 5
   cols: 1
   dt: d
   data: [ 0.186259, -0.736713, 0.005007, 0.000859, 0.0000 ]
