%YAML:1.0
ModelName: piece_red
vertices: !!opencv-matrix
   rows: 10
   cols: 3
   dt: d
   data: [ -15., -15., 15.,    -15., 15., 15.,    15., -15., 15.,    15.,  15., 15.,    45., -15., 15.,    45.,  15., 15.,    15.,  45., 15.,    45.,  45., 15.,        75.,  15., 15.,    75.,  45., 15. ]
edges: !!opencv-matrix
   rows: 13
   cols: 2
   dt: i
   data: [ 0, 1, 0, 2, 1, 3, 2, 3, 2, 4, 4, 5, 3, 5, 3, 6, 6, 7, 5, 7, 5, 8, 7, 9, 8, 9 ]
