# -*- coding: utf-8 -*-

from ivenv import *

setup_ivenv()

from ivutils import *
from numpy import *
from portdef import *

# define fixed tranforms, which are are defined in the robot model description

params = {
    'Thd_leye': FRAME(mat=[[0.029886433477364114, 0.1237647407291818, 0.99186142683655232],
                           [-0.99948379941446497, -0.0080013424730153715, 0.03111451794026393],
                           [0.011787103207683197, -0.99227932935785168, 0.12346172170799942]],
                      vec=[31.697510479999998, 69.490635819999994, 90.783463150000003]),
    # Trh_cam = FRAME(xyzabc=[-30,2,-40,-pi/2,-(pi/2-0.03),0]) # HIRO_110603
    # Trh_cam = FRAME(mat=[[0.02954946711261874, -1.4253335856819478e-06, -0.99956331915058227],
    #                      [0.99956331349883965, -0.00010630849365328061, 0.029549467097131063],
    #                      [-0.00010630418861786432, -0.99999999434823617, -1.7166481752542236e-06]],
    #                 vec=[-16.771855992782442, 1.7798966914323426, -46.929327637457341])*FRAME(xyzabc=[0,0,0,deg2rad(3.0),0,0])

    'Trh_cam' : FRAME(mat=[[-0.0048608398914452271, 0.016317916471918104, -0.99985503841185164],
                           [0.99968999101673339, -0.02433687481961333, -0.005257222173182109],
                           [-0.024419133819885197, -0.99957062888323722, -0.016194560119267329]],
                      vec=[-21.159942529545916, -1.5247694056678964, -40.382898806432685]),

    'Tlh_cam' : FRAME(mat=[[0.011235158656585661, 0.014687290146283097, -0.99982901274073865],
                           [-0.99973394972748231, 0.020308591492177563, -0.01093576123969766],
                           [0.020144502283480914, 0.99968587297198652, 0.014911552836243533]],
                      vec=[-21.161701711411439, -3.9805211975007446, -44.733249188527715]),

    # 110922
    'Thd_kinectrgb' : FRAME(mat=[[-0.020665791755841132, -0.027054668638523939, 0.99942031696176958],
                                 [-0.99973997051713659, 0.01019704332427368, -0.020396363838625829],
                                 [-0.0096393154061338304, -0.99958194522125221, -0.027258363600893554]],
                            vec=[-39.032368085634957, 1.6231065841821675, 223.66945304907554]),

    # 110906
    # Thd_kinectrgb = FRAME(mat=[[-0.017926910136146185, -0.022532394842858655, 0.99958537257985924],
    #                            [-0.9994922056353186, 0.026744462708973238, -0.01732237248920012],
    #                            [-0.026343059184855355, -0.99938832537560396, -0.023000398599357947]],
    #                       vec=[-35.144783671587241, 1.6231065841821675, 223.10510496573863])

    # before 110906
    # Thd_kinectrgb = FRAME(mat=[[-1.1117269199954012e-06, -0.0012823607936395445, 0.99999917777444147],
    #                            [-0.99999863374434517, 0.0016530300743643547, 1.008056385829424e-06],
    #                            [-0.0016530300078927654, -0.9999978115187893, -0.0012823608793248919]],
    #                       vec=[-28.74092948502755, 1.6231065841821675, 202.52593003532405])

    'Thd_kinectdepth' : FRAME(xyzabc=[-28.74092948502755, 1.6231065841821675, 202.52593003532405, -pi/2,pi/2,0])*FRAME(xyzabc=[0,0,0,0.05,0,0]),

    'Trwrist_ef' : FRAME(xyzabc=[-99,-4,0,0,pi/2,0]),
    'Tlwrist_ef' : FRAME(xyzabc=[-99,0,0,0,pi/2,0]),
    'Tikoffset' : FRAME(xyzabc=[-50+59,0,0,0,-pi/2,0])
    }


portdefs = {'controller' :
            RTCServicePortInfo(target = 'VisionPC.host_cxt/HiroNXProvider0.rtc',
                               service = 'HiroNXProvider0.HIRO',
                               port = 'motion'),
            'jointstat' :
            RTCDataPortInfo(target = 'RobotHardware0.rtc',
                            port = 'jointDatOut')
            }
